@relation gestures

@attribute wMax numeric
@attribute wMin numeric
@attribute wMean numeric
@attribute wMed numeric
@attribute wVar numeric
@attribute wTVar numeric
@attribute wAUC numeric
@attribute rMax numeric
@attribute rMin numeric
@attribute rMean numeric
@attribute rMed numeric
@attribute rVar numeric
@attribute rTVar numeric
@attribute rAUC numeric
@attribute cMax numeric
@attribute cMin numeric
@attribute cMean numeric
@attribute cMed numeric
@attribute cVar numeric
@attribute cTVar numeric
@attribute cAUC numeric
@attribute label {notouch, constant, rub, pat, scratch, stroke,tickle}

@data
3155,2813,2966.435185,2940,7225.425666,2573,320375,5.136406995,4.924940293,5.037647641,5.047693337,0.003536271,1.46211981,544.0659452,3.88415263,3.659438322,3.7700531,3.761183813,0.002274582,2.674339401,407.1657347,constant
3518,3112,3366.425926,3421.5,14539.40568,2611,363574,5.146725441,4.959230548,5.044485651,5.02929888,0.002209821,1.727349702,544.8044503,3.985424407,3.689184903,3.869861454,3.903972762,0.006898352,2.617736947,417.945037,constant
3662,3254,3423.935185,3400.5,15905.18268,3267,369785,5.083257645,4.950469684,5.015810948,5.020738134,0.001406524,1.693749564,541.7075824,3.855860909,3.61613992,3.752787667,3.7521849,0.004577882,2.53254459,405.3010681,constant
3787,3179,3630.018519,3664,15947.71928,3589,392042,5.023942538,4.77980497,4.945013629,4.972137969,0.003811049,1.680723692,534.0614719,3.978966346,3.708980044,3.800928939,3.790858713,0.003010124,2.527125294,410.5003254,constant
0,0,0,0,0,0,0,0,0,0,0,0,0,0,0,0,0,0,0,0,0,notouch
0,0,0,0,0,0,0,0,0,0,0,0,0,0,0,0,0,0,0,0,0,notouch
0,0,0,0,0,0,0,0,0,0,0,0,0,0,0,0,0,0,0,0,0,notouch
0,0,0,0,0,0,0,0,0,0,0,0,0,0,0,0,0,0,0,0,0,notouch
1797,28,331.037037,63.5,181253.3257,14550,35752,6.289389068,3.891891892,5.238877651,5.330845771,0.417803716,49.7014578,565.7987863,7.888888889,4.006706908,5.302809787,5.157168038,0.599361169,76.45435643,572.703457,pat
1632,24,393.1481481,192.5,153612.3517,12634,42460,6.571428571,4.083333333,5.160951095,5.191757387,0.22094176,42.20863951,557.3827182,8.265306122,3.799679487,4.992901697,4.638130252,0.799120397,66.68589661,539.2333833,pat
1493,20,420.1388889,103,198708.2329,13037,45375,6.927710843,4.344827586,5.54833276,5.593836344,0.340382874,50.44962663,599.2199381,7.517241379,3.4,5.381310013,5.1776182,0.607416878,75.53728025,581.1814814,pat
1561,16,314.8796296,59,131974.2377,12617,34007,6.533333333,3.787878788,5.429735514,5.527506051,0.224562701,43.69683782,586.4114355,7.113636364,3.358974359,5.08105355,4.82932717,0.920464302,85.17931128,548.7537834,pat
1260,334,788.3888889,741.5,56348.81931,10895,85146,6.12526096,4.700803213,5.450398547,5.510247422,0.091973613,12.15923428,588.6430431,6.914078675,3.338677355,5.003497239,5.029179819,0.86231374,20.70255824,540.3777018,rub
1461,283,733.9537037,711,66327.33429,10873,79267,6.52362949,5.005,5.778676696,5.727179327,0.090824742,13.00935619,624.0970831,6.61102107,3.822754491,5.339904399,5.280996033,0.614210215,21.41833195,576.7096751,rub
1072,372,677.2407407,686.5,30825.88543,8234,73142,6.558064516,4.915356711,5.826828731,5.82710618,0.190416198,12.57998652,629.297503,6.555263158,3.834248079,5.127843945,5.064956471,0.666641873,17.96338324,553.807146,rub
1265,335,731.212963,669,59872.20656,9823,78971,6.922535211,5.115826702,5.760204998,5.664305915,0.155143782,12.59266874,622.1021398,5.86627907,3.658839779,4.736358509,4.738549314,0.387325901,16.87993696,511.5267189,rub
2041,291,965.2777778,874,155639.6231,25122,104250,6.982126899,3.560885609,5.152888601,5.208122322,0.816356191,32.16421803,556.5119689,7.408400357,2.880526811,5.072803137,5.20268909,1.350436087,38.79327069,547.8627388,scratch
2225,132,575.3611111,567,111263.5039,16721,62139,6.926174497,3.479411765,5.104209331,5.071111025,0.724690046,32.55963914,551.2546078,6.884016973,2.843324251,5.077770987,5.106678824,1.078798454,38.91415792,548.3992666,scratch
938,174,485.6203704,486.5,22983.13491,10461,52447,6.82460733,3.662790698,5.041816038,4.915354003,0.635168551,32.45780781,544.5161321,6.662162162,3.003305785,5.064858623,4.906731282,1.062854049,35.6552064,547.0047313,scratch
941,208,519.6851852,505,24325.43268,12159,56126,6.633466135,3.638817481,5.009153506,5.034696637,0.522563587,33.22404234,540.9885786,6.609561753,3.295010846,5.14503818,5.146327627,0.832322235,31.50260695,555.6641235,scratch
1434,17,500.2037037,475.5,178808.6123,8698,54022,8.54076087,3.529411765,5.841344937,5.670531401,1.541985796,49.56100659,630.8652532,8.607142857,3.473684211,5.628577414,5.422893154,0.620688082,50.02647308,607.8863607,stroke
1185,10,439.0277778,413.5,149063.8964,8503,47415,7.810144928,2.6875,5.698972774,5.702119152,1.642235581,77.2503434,615.4890596,8.692307692,4.079150579,5.738534132,5.416849435,1.104442876,59.16886751,619.7616862,stroke
1127,11,421.0462963,406.5,126964.9231,8316,45473,7.826086957,3.431880109,5.545816125,5.613511029,1.572346037,50.41385765,598.9481415,8,4.141969831,5.291909029,4.957729941,0.944991076,49.22873715,571.5261752,stroke
1016,20,425.6759259,475,117029.2865,9177,45973,8.145251397,3.63973064,5.806422947,5.650249477,1.495603179,41.8099146,627.0936783,8.452380952,3.571428571,4.971210051,4.676767677,0.84289829,59.05602317,536.8906855,stroke
1989,264,1030.101852,1001.5,122522.4475,21224,111251,5.74796748,3.610738255,4.708030983,4.795495731,0.212645874,22.38275367,508.4673462,5.926282051,3.532194481,4.805040065,4.876859673,0.400186482,20.42929875,518.9443271,tickle
1711,210,895.5,926,92517.72897,17803,96714,5.417199716,3.880364109,4.793745435,4.824159144,0.085592392,16.44466825,517.7245069,5.347107438,3.586037365,4.337704959,4.2213276,0.242215498,20.49707389,468.4721355,tickle
1405,192,776.7037037,778,63267.18242,16757,83884,5.847826087,4.155756208,4.964763669,4.936137954,0.168476985,18.20774735,536.1944763,5.642335766,3.771889401,4.634070891,4.589684343,0.145448715,22.14705389,500.4796562,tickle
1512,362,964.5740741,961,52896.35895,15882,104174,5.403180543,3.51510989,4.744042363,4.858486293,0.180472601,16.74910526,512.3565752,5.07010582,3.451970443,4.436192655,4.503247276,0.123966175,17.57063174,479.1088068,tickle
1934,1858,1890.694444,1889.5,278.1580997,1948,204195,5.591944886,5.521237546,5.551444738,5.549265365,0.000305757,2.509321215,599.5560317,5.686621551,5.552246604,5.618002225,5.620139065,0.000642228,3.559195239,606.7442403,constant
1944,19,1240.916667,1331.5,448198.1332,4814,134019,6.636363636,4.62962963,5.568269484,5.539632039,0.054788453,11.75756793,601.3731043,6.608695652,3.02,5.458174641,5.612809511,0.280113834,21.55519349,589.4828612,constant
3043,1475,2639.351852,2724.5,115255.2582,2718,285050,5.719537381,5.607745159,5.676706311,5.676850897,0.000403865,1.650711837,613.0842816,5.059661017,4.156073211,4.369664216,4.362447286,0.026090314,3.099892898,471.9237353,constant
3448,3021,3282.944444,3320,11304.68847,2408,354558,5.721006892,5.665267915,5.69244997,5.69420002,0.000149794,1.304281268,614.7845967,4.261297264,4.144103393,4.201138111,4.199876371,0.000541457,2.357539079,453.722916,constant
0,0,0,0,0,0,0,0,0,0,0,0,0,0,0,0,0,0,0,0,0,notouch
0,0,0,0,0,0,0,0,0,0,0,0,0,0,0,0,0,0,0,0,0,notouch
0,0,0,0,0,0,0,0,0,0,0,0,0,0,0,0,0,0,0,0,0,notouch
0,0,0,0,0,0,0,0,0,0,0,0,0,0,0,0,0,0,0,0,0,notouch
657,23,114.3703704,52.5,17438.74005,6107,12352,6.71875,4.365853659,5.555554218,5.528866446,0.294612584,67.6039837,599.9998556,7.378378378,3.659574468,5.355030994,5.329166667,0.694525426,100.6930802,578.3433474,pat
584,22,88.67592593,51,10131.23044,4955,9577,6.911764706,4.262295082,5.486485962,5.531262174,0.278401721,73.29575589,592.5404839,7.130434783,3.066666667,5.280147797,5.276263298,0.546884653,92.32010839,570.255962,pat
473,26,89.53703704,52.5,7640.905157,4522,9670,6.450980392,4.361111111,5.566190687,5.625,0.286029132,58.01680538,601.1485942,6.775,3.153846154,5.300995185,5.401816911,0.410720356,71.79970403,572.50748,pat
385,24,90.53703704,57.5,5517.671513,3730,9778,6.442857143,4.533333333,5.436480337,5.373212287,0.19397115,46.24312734,587.1398764,7.254545455,3.7,5.461648927,5.386781609,0.45110938,65.27695229,589.8580842,pat
319,72,156.0462963,150,2622.717463,3278,16853,6.165137615,4.451851852,5.304513365,5.361947482,0.213087535,25.8095021,572.8874434,6.216216216,4.655172414,5.541839461,5.57641196,0.112637889,37.12302747,598.5186618,rub
284,72,148.212963,145,2025.253288,3243,16007,6.291970803,4.413043478,5.443993662,5.553995157,0.223228636,27.33052458,587.9513155,6.192771084,4.604651163,5.408806341,5.430194805,0.112581565,34.39938338,584.1510849,rub
185,17,93.90740741,95,1207.524057,2575,10142,6.5,4,5.598742749,5.63875,0.144264967,30.49753134,604.6642169,6.868131868,3.722222222,5.570402158,5.575869108,0.274602213,51.93241813,601.6034331,rub
198,26,93.66666667,93.5,1111.308411,2326,10116,6.566666667,4.852459016,5.62741767,5.631481481,0.119140521,33.57542369,607.7611083,6.921875,4.034482759,5.511842372,5.562894737,0.320174446,51.41762421,595.2789762,rub
384,35,166.1111111,147.5,7752.492212,4091,17940,6.20754717,4.346153846,5.095427855,5.060067314,0.142789466,27.87875378,550.3062083,6.642201835,3.966101695,5.285352907,5.193376068,0.156416255,35.38924623,570.818114,scratch
413,48,163.7407407,135,7855.315334,4430,17684,6.196721311,4.150997151,5.127466333,5.081893924,0.192017246,30.64081835,553.7663639,6.549019608,4.090909091,5.099867597,5.131023102,0.259518482,38.53222492,550.7857005,scratch
305,43,136.9907407,128,3412.270942,3822,14795,7.209302326,4.305164319,5.063983378,5,0.164284794,35.71693025,546.9102048,6.344262295,4.261363636,5.195861883,5.211629841,0.202430457,37.35590663,561.1530833,scratch
291,26,134.5925926,127.5,2892.112842,3717,14536,6.162162162,4.490740741,5.11919434,5.070977394,0.118780675,31.60617568,552.8729887,6.230088496,4.23853211,5.220106729,5.215725047,0.209150898,42.83104695,563.7715267,scratch
350,16,92.44444444,44,7133.445483,2217,9984,7.2,3.804878049,5.409447813,5.443464496,0.486676552,72.17125907,584.2203638,8.342105263,3.62,5.863145885,5.774297521,0.712742204,93.82384473,633.2197556,stroke
275,10,72.62962963,37,4780.067151,2463,7844,6.363636364,3.3125,5.302279764,5.290570175,0.376344519,67.25164063,572.6462145,8.157894737,2.923076923,5.877215814,5.897727273,0.870213609,120.4545069,634.7393079,stroke
311,11,90.94444444,51,6085.660436,2986,9822,6.684210526,3.9,5.311986475,5.349825175,0.343948658,60.90484054,573.6945393,7.892857143,3.333333333,5.950505234,5.859126984,0.790369602,106.1504268,642.6545653,stroke
289,13,84.89814815,48,5516.466165,2594,9169,6.673913043,3.823529412,5.337531345,5.437335901,0.374462662,59.04621255,576.4533853,8.266666667,3.375,6.098444866,6,0.964478652,119.2351224,658.6320455,stroke
406,20,185.0648148,187,8516.958377,5342,19987,6.620689655,4.965217391,5.628743842,5.742379356,0.122564135,20.9918349,607.9043349,6.822222222,3.416666667,5.248107434,5.240927982,0.310422472,43.64962429,566.7956028,tickle
401,13,80.22222222,37,6494.735202,2966,8664,6.789473684,2.761904762,5.547800054,5.755952381,0.481553539,74.78060223,599.1624058,7.259259259,2.956521739,5.150086873,5.083916084,0.806432143,102.5309147,556.2093823,tickle
369,12,136.5833333,131,7731.329439,4599,14751,6.842105263,3.653846154,5.546417621,5.492292673,0.239165282,44.55165264,599.0131031,6.885714286,3.447368421,5.103645672,5.102631579,0.343923301,63.34132247,551.1937326,tickle
384,15,140.9166667,123,8053.852804,4556,15219,6.457142857,3.884615385,5.538359812,5.568846816,0.174539491,36.66823911,598.1428597,7.942857143,3.292682927,5.036950878,5.02053455,0.484785629,75.86168967,543.9906948,tickle
2076,1610,1888.824074,1925.5,13055.5482,2769,203993,5.719660194,5.510204082,5.596669988,5.592815233,0.002469548,2.644220484,604.4403587,5.125848242,4.560939794,4.797478014,4.786177861,0.018326748,4.154432341,518.1276255,constant
2066,1879,1958.981481,1959.5,1471.457598,2177,211570,5.606606607,5.518422418,5.559319179,5.556964726,0.000310134,2.265800375,600.4064713,4.726517903,4.535841383,4.639573716,4.639716461,0.001524134,3.670447777,501.0739613,constant
2077,1923,1997.287037,1990,1718.80469,2175,215707,5.636084059,5.515986227,5.572992028,5.571540609,0.000626909,2.142945681,601.883139,4.655913978,4.506474104,4.588194015,4.591355414,0.001065535,3.882842828,495.5249536,constant
2067,1932,1986.509259,1984.5,576.8503808,2474,214543,5.622479839,5.543185222,5.586424639,5.587877244,0.00025922,1.975932066,603.333861,4.648092369,4.473524962,4.559208924,4.555448584,0.001056556,3.797708868,492.3945638,constant
0,0,0,0,0,0,0,0,0,0,0,0,0,0,0,0,0,0,0,0,0,notouch
0,0,0,0,0,0,0,0,0,0,0,0,0,0,0,0,0,0,0,0,0,notouch
0,0,0,0,0,0,0,0,0,0,0,0,0,0,0,0,0,0,0,0,0,notouch
0,0,0,0,0,0,0,0,0,0,0,0,0,0,0,0,0,0,0,0,0,notouch
424,4,78.59259259,34,8248.112842,4653,8488,7.367346939,3.684210526,5.495395539,5.498447205,0.604962722,100.934284,593.5027182,8.72,2.806451613,5.743892334,5.561794872,1.249280415,129.8981095,620.340372,pat
385,12,92.25925926,34,10148.38075,4705,9964,6.923076923,3.05,5.691586664,5.875242907,0.442135313,73.3461301,614.6913597,7.846153846,3.564102564,6.069211102,6.149596072,0.797373029,111.6143831,655.474799,pat
350,10,79.57407407,34.5,8281.405677,5104,8594,6.958333333,3.421052632,5.639765112,5.86038961,0.488145171,85.6155756,609.0946321,8.705882353,2.967741935,5.657015549,5.679410047,1.145079022,139.0916872,610.9576793,pat
325,12,69.72222222,35.5,5203.697819,4024,7530,7.928571429,3.875,5.680368216,5.76249855,0.537268068,79.48939106,613.4797673,7.923076923,3.24137931,5.835850363,5.91969697,1.206725767,140.7798656,630.2718392,pat
445,119,227.3796296,225.5,3457.733039,4638,24557,6.342222222,5.168269231,5.837886123,5.850324675,0.045581347,20.89816093,630.4917012,5.575757576,4.159090909,4.817128367,4.824089558,0.094530349,33.5324271,520.2498637,rub
392,48,170.2777778,164,3093.249221,4186,18390,6.546666667,4.98013245,5.773936179,5.769444444,0.083548017,27.6165649,623.5851073,6.875,4.00625,5.134906418,5.127498822,0.291346939,41.31600817,554.5698932,rub
507,78,193.6388889,184,5248.606698,4786,20913,6.1,4.789473684,5.460973517,5.455884503,0.064240272,25.21752176,589.7851398,6.85915493,4.476510067,5.597630367,5.636558772,0.156590185,45.12634588,604.5440796,rub
426,56,190.6574074,177,4974.993683,4299,20591,6.341584158,5.191304348,5.753372316,5.750434492,0.045781459,21.28815582,621.3642101,6.447368421,4.342105263,5.510020167,5.517009951,0.140424065,38.88539383,595.082178,rub
665,10,175.5185185,118,28003.50433,7441,18956,7.04516129,3.833333333,5.704977489,5.798990749,0.603583301,57.05479831,616.1375688,7.666666667,2.411764706,5.797559054,5.913804945,0.764224222,94.84698942,626.1363779,scratch
889,10,409.4444444,445,51216.64174,8875,44220,6.75,4,5.548567039,5.551321167,0.267964494,31.68594768,599.2452403,7.5,2.421052632,5.541149579,5.566209944,0.328207715,41.22270841,598.4441545,scratch
859,11,299.712963,300.5,53457.75796,10161,32369,7.333333333,3.55,5.030841116,5.047031136,0.549598122,50.25222574,543.3308405,7.727272727,3.5,5.941429366,6.027110337,0.558231154,60.09012209,641.6743715,scratch
1336,11,271.7777778,182,95504.71651,9003,29352,7.1,3.742268041,5.180419072,5.260933806,0.678986482,53.3613402,559.4852597,8.363636364,4.32,6.022035694,6.02949428,0.461178475,77.05543451,650.3798549,scratch
231,14,88.69444444,78,3630.849688,2358,9579,7.419354839,4.075,5.60711915,5.531436012,0.47625746,54.72263173,605.5688682,7.56097561,2.75862069,5.60467008,5.612895005,0.626749278,89.11801754,605.3043686,stroke
254,12,95.28703704,79,4198.281326,2340,10291,7.086956522,3.277777778,5.710078174,5.754166667,0.54762399,72.11283368,616.6884428,7.846153846,3.052631579,5.662647393,5.641169978,0.653969168,92.15876673,611.5659184,stroke
280,11,85.61111111,51.5,4732.127726,2526,9246,7.017391304,4.055555556,5.632211251,5.658843662,0.435097634,64.70138548,608.2788152,7.95,3.821428571,5.761091123,5.792986632,0.828967893,107.3021613,622.1978413,stroke
296,12,102.5648148,68,6471.089218,2489,11077,7.6875,3.5,5.67597629,5.77124183,0.38427433,61.9877655,613.0054393,8.538461538,3.368421053,5.811086232,5.766918213,0.864394756,116.364098,627.5973131,stroke
133,9,43.14814815,41,464.0899965,1926,4660,7.96,3.238095238,5.895692061,5.961901306,0.565087257,87.23374016,636.7347425,7.8,3.125,5.79156491,5.814336918,0.850994139,121.1077609,625.4890103,tickle
114,7,47.00925926,43,469.0186051,1885,5077,7.65,2.714285714,5.559206274,5.627705628,0.599944926,98.67728839,600.3942776,8.35,3.673469388,5.849768292,5.807637571,0.8650916,116.5870949,631.7749755,tickle
157,9,49.05555556,45,602.5389408,2403,5298,7.34375,3.5,5.788560437,5.826398852,0.489651393,87.01140512,625.1645272,8.185185185,3.666666667,5.937178842,5.902564103,0.75348002,117.8586617,641.2153149,tickle
116,10,49.52777778,43.5,569.7842679,2312,5349,7.275862069,3.466666667,5.915073099,5.993670886,0.561823608,89.44510322,638.8278947,8.761904762,3.25,5.581909623,5.719649123,1.030355453,127.8329467,602.8462393,tickle
2942,2807,2885.925926,2890.5,1058.218761,1497,311680,5.920706371,5.857491289,5.88188938,5.881425965,0.000127551,0.989588997,635.244053,5.464838256,5.36094466,5.414194725,5.416121276,0.000588386,1.780983127,584.7330303,constant
3036,2880,2927.027778,2921.5,938.8496885,1730,316119,5.916695002,5.855625622,5.893146904,5.895296815,0.000175852,1.119990172,636.4598656,5.405322416,5.288170564,5.371629551,5.377426485,0.000435784,1.344161316,580.1359915,constant
3424,2866,3080.268519,3050,16018.23564,3426,332669,5.959988318,5.823039556,5.865785168,5.860618372,0.00076106,1.640442868,633.5047981,5.426153846,5.237682165,5.333267099,5.33070947,0.001807622,2.352540275,575.9928467,constant
3535,3007,3229.064815,3190.5,18260.34155,4754,348739,6.129611167,5.9090618,5.981168522,5.968447906,0.002270816,1.925845101,645.9662004,5.562898551,5.34319348,5.427839824,5.418456754,0.001995902,3.751695453,586.206701,constant
0,0,0,0,0,0,0,0,0,0,0,0,0,0,0,0,0,0,0,0,0,notouch
0,0,0,0,0,0,0,0,0,0,0,0,0,0,0,0,0,0,0,0,0,notouch
0,0,0,0,0,0,0,0,0,0,0,0,0,0,0,0,0,0,0,0,0,notouch
0,0,0,0,0,0,0,0,0,0,0,0,0,0,0,0,0,0,0,0,0,notouch
455,40,141.2407407,98,9966.894773,6583,15254,7.013333333,4.778169014,5.787369014,5.75946326,0.297461274,56.00637617,625.0358535,6.841269841,4.125,5.415066708,5.313933349,0.405187452,77.76397064,584.8272045,pat
395,36,124.7962963,92,6543.546902,5730,13478,7.022222222,4.296875,5.780737833,5.860078278,0.350154245,66.06939749,624.319686,6.839506173,3.4375,5.239226537,5.216703897,0.61738681,105.2056159,565.836466,pat
349,47,113.75,101.5,3186.226636,4253,12285,6.989473684,4.759124088,5.920002743,5.981734784,0.265617999,62.4318545,639.3602963,6.84057971,3.734375,5.268528518,5.212467784,0.534600835,96.21394811,569.00108,pat
374,46,153.1203704,114.5,9025.471357,6042,16537,6.909090909,4.422459893,5.788748243,5.842308204,0.276612596,48.5253813,625.1848102,7.342857143,3.839285714,5.292588697,5.239624476,0.45339403,82.77513109,571.5995793,pat
1147,180,499.4907407,461.5,43204.85038,8729,53945,6.195294118,4.299485861,5.127789207,5.152540361,0.182722046,19.14438697,553.8012344,6.485714286,5.36056338,5.80849728,5.792003203,0.042350649,19.45935223,627.3177062,rub
1168,139,489.3148148,429.5,47063.3766,8578,52846,5.859531773,3.737566138,4.862269111,4.881274754,0.215418145,19.43698392,525.125064,6.433862434,5.208333333,5.777538512,5.708668809,0.103470164,19.95886486,623.9741593,rub
888,131,336.5277778,317,18326.08333,6783,36345,5.436532508,4.35371179,4.798937042,4.783711008,0.060052575,17.69914048,518.2852005,6.486338798,5.295081967,5.848029049,5.844149397,0.064102555,25.31942304,631.5871373,rub
820,46,347.5555556,306,33980.5109,6356,37536,5.97826087,3.8996139,4.919578362,4.994375,0.147549587,22.34791257,531.3144631,7.717391304,5.210810811,5.860470094,5.838494033,0.122941168,22.56036882,632.9307702,rub
834,54,231.1388889,197.5,20866.28894,10682,24963,7.045454545,4.563814867,5.654702848,5.607450436,0.21828523,41.14706308,610.7079076,6.566037736,3.87804878,5.598472203,5.649757603,0.257007528,54.14459609,604.6349979,scratch
568,39,190.1388889,171.5,12000.47586,7886,20535,6.794871795,4.42997543,5.692200616,5.650712459,0.22904854,47.98068395,614.7576666,6.716216216,3.779411765,5.477850119,5.592925957,0.434293561,71.66195973,591.6078128,scratch
704,52,230.537037,200,24512.25095,12875,24898,6.823529412,4.47826087,5.722651749,5.755704821,0.238691771,43.78401995,618.0463889,6.575,3.544117647,5.483160754,5.481968811,0.404517745,71.93323452,592.1813614,scratch
771,51,216.3518519,129.5,36362.75355,10488,23366,6.860465116,4.440134907,5.779836474,5.906931112,0.280639063,41.68869405,624.2223392,6.335504886,4.272727273,5.483410339,5.557421971,0.207820544,52.86193759,592.2083167,scratch
308,21,98,69.5,4778.841121,3299,10584,6.965517241,3.84,5.275618884,5.3125,0.369393411,72.50601071,569.7668394,7.261904762,3.357142857,5.909470865,6.042114594,0.552854407,86.21467124,638.2228534,stroke
270,19,103.8796296,92,4465.078834,3102,11219,6.975,3.882352941,5.359475196,5.407986111,0.32493297,70.33311832,578.8233212,7.642857143,3.657142857,5.973529541,6.105870021,0.656050355,90.9894093,645.1411904,stroke
230,16,78.35185185,59,2659.48252,3117,8462,6.589285714,4.035714286,5.404689334,5.41860085,0.258324566,61.37728361,583.7064481,7.785714286,3.542857143,5.910536369,6.102696872,0.875573448,107.48396,638.3379278,stroke
289,15,82.48148148,62.5,2957.915542,2785,8908,6.647058824,3.918918919,5.40157365,5.414236111,0.426613521,77.96163844,583.3699542,7.191304348,3.695652174,5.827873709,6.019736842,0.728090805,105.7594642,629.4103606,stroke
451,16,99.12962963,89.5,4040.749394,4407,10706,6.918367347,3.870967742,5.45241216,5.452034706,0.294638201,64.67365764,588.8605133,7.709677419,4.752212389,6.340192786,6.38002197,0.521894178,79.46122743,684.7408208,tickle
569,13,114.4259259,82.5,9460.564555,6319,12358,7.02,4,5.448644194,5.413509472,0.307084276,63.19291364,588.453573,8,3.868421053,6.420013825,6.450054093,0.646639747,89.89718197,693.3614931,tickle
521,16,121.1666667,87.5,8557.654206,5596,13086,6.787234043,3.529411765,5.262189854,5.202880094,0.253137003,59.69998669,568.3165043,8.133333333,3.534883721,6.555827472,6.566136725,0.672391045,77.02425426,708.029367,tickle
416,16,104.2777778,83.5,6247.716511,5771,11262,7,3.464285714,5.374461752,5.382637841,0.339365435,70.77761577,580.4418692,7.97037037,4.55,6.562266983,6.688578722,0.59528337,96.00879376,708.7248342,tickle
1330,1027,1210.611111,1212,3301.978193,2918,130746,5.057034221,4.868037704,4.96210559,4.964017305,0.001087411,3.396128476,535.9074037,4.323283082,4.058769513,4.198830137,4.200582754,0.00325179,6.575796107,453.4736548,constant
1435,1067,1298.101852,1326,8215.12037,2483,140195,5.103393844,4.871987952,4.988537767,4.989778195,0.003599894,3.535261265,538.7620788,4.511593119,4.184284378,4.333395873,4.328782501,0.002963301,5.924648033,468.0067543,constant
1459,1349,1404.972222,1403.5,650.1767913,2267,151737,5.072164948,4.895190237,4.990758144,4.993995412,0.0010996,3.389078748,539.0018796,4.458128079,4.23795404,4.346845507,4.348945151,0.002617619,6.401668128,469.4593148,constant
1571,1428,1490.398148,1489,652.092333,2353,160963,5.070403281,4.925925926,4.989774556,4.990514866,0.000699315,3.506440717,538.8956521,4.408122503,4.207973422,4.302296765,4.306008116,0.001824893,5.406396254,464.6480506,constant
0,0,0,0,0,0,0,0,0,0,0,0,0,0,0,0,0,0,0,0,0,notouch
0,0,0,0,0,0,0,0,0,0,0,0,0,0,0,0,0,0,0,0,0,notouch
0,0,0,0,0,0,0,0,0,0,0,0,0,0,0,0,0,0,0,0,0,notouch
0,0,0,0,0,0,0,0,0,0,0,0,0,0,0,0,0,0,0,0,0,notouch
328,20,78.50925926,44,5742.850381,3826,8479,7.171428571,3.666666667,5.330681282,5.339184061,0.449938292,78.39137899,575.7135785,7.6,3.625,5.42027852,5.422619048,0.958813162,99.2246974,585.3900802,pat
376,14,69.60185185,45,5421.849342,4144,7517,7.094339623,2.916666667,5.302004431,5.377822717,0.609444762,82.28794114,572.6164785,7.909090909,3.530864198,5.507740661,5.527205882,1.154970354,112.9109353,594.8359914,pat
410,17,67.31481481,41,5118.871928,4041,7270,7.096774194,3.153846154,5.052818208,5.087327954,0.444214801,78.61676956,545.7043665,7.904761905,2.806451613,5.583317685,5.64,1.170559967,117.5655847,602.99831,pat
373,15,71.02777778,40.5,5714.924455,4122,7671,7.157894737,2.408163265,5.352614527,5.418859649,0.609109536,70.76577263,578.0823689,8.444444444,3.5125,5.649411676,5.715263158,1.122209549,109.9897661,610.136461,pat
275,67,170,168.5,1890.71028,3018,18360,6.739583333,4.594059406,5.626507474,5.622888306,0.215554956,31.63917392,607.6628072,5.971830986,3.872611465,5.0477095,5.059598355,0.204023993,35.0356288,545.152626,rub
334,107,183.8888889,177,2008.155763,3718,19860,6.375690608,4.564935065,5.552226675,5.52424569,0.165254093,27.15852707,599.6404809,5.769230769,3.781456954,4.78457145,4.784211296,0.152230791,36.70231868,516.7337166,rub
272,101,174.3148148,166,1473.750433,3674,18826,6.475555556,4.769230769,5.58359903,5.550952539,0.106823018,27.91084274,603.0286952,5.774834437,3.554878049,4.800241789,4.811192931,0.206863919,37.76941736,518.4261132,rub
240,68,155.0555556,156.5,1135.529595,2935,16746,6.856353591,4.992481203,5.910699196,5.881840259,0.150570076,26.99676495,638.3555132,6.098214286,3.740740741,4.746014772,4.737739234,0.225889807,47.62281028,512.5695954,rub
1110,243,521.8703704,508,34822.76809,11761,56362,6.301455301,4.983673469,5.747971923,5.7925,0.044120406,16.85605654,620.7809677,4.770542636,3.597444089,4.270850294,4.231879328,0.066653094,17.10600221,461.2518318,scratch
1002,201,536.0833333,496,34438.26402,11367,57897,6.262472885,5.339285714,5.712289796,5.674125822,0.037155751,16.40219067,616.9272979,5.342175066,4.048672566,4.548515975,4.527601263,0.075275913,16.5326076,491.2397253,scratch
1023,107,449.7962963,426.5,28738.40672,12188,48578,6.607638889,5.171052632,5.775252459,5.746767241,0.088596474,24.38161962,623.7272656,5.494845361,3.934027778,4.560327448,4.504495485,0.08849979,22.24557378,492.5153644,scratch
1454,300,741.8333333,688.5,73226.1028,13429,80118,6.325,5.223333333,5.798675702,5.799553571,0.07424853,18.6182465,626.2569759,5.535714286,3.978411054,4.721440123,4.716753103,0.138584117,19.41314088,509.9155332,scratch
137,9,30.25,24,478.0584112,1515,3267,7.9375,3.266666667,5.302115079,5.410427807,0.840377475,96.1657917,572.6284285,8.434782609,3.260869565,6.273544119,6.381896552,1.384173074,150.2498069,677.5427649,stroke
358,3,88.11111111,40,7929.277259,1983,9516,6.808510638,2.333333333,5.049835562,5.112836439,0.788562128,82.89065353,545.3822407,7.894736842,4.047368421,5.684493144,5.640068493,1.133914734,95.68615086,613.9252596,stroke
310,14,114.2777778,99.5,6994.613707,2567,12342,6.737991266,3.117647059,4.907438077,4.849025974,0.765783642,57.60386101,530.0033123,8.119047619,3.138888889,5.445341677,5.272836376,1.159844091,81.28185266,588.0969011,stroke
245,13,99.09259259,86.5,4190.813776,2722,10702,7.5,3.526315789,5.557740804,5.581632653,0.528429974,55.7772725,600.2360069,7.857142857,3.545454545,5.384911838,5.196317829,0.852206922,84.00522228,581.5704785,stroke
379,45,155.6296296,148,5197.394254,5943,16808,6.904109589,4.397297297,5.681272736,5.734996786,0.277452837,31.88279159,613.5774555,6.609375,3.508196721,4.57603858,4.504732066,0.20958973,49.77903473,494.2121666,tickle
426,28,123.8425926,94.5,5698.096487,4866,13375,6.6375,4.073033708,5.392705688,5.44910432,0.312945528,51.29796895,582.4122143,6.584615385,3.684782609,4.683161757,4.600919913,0.302359918,69.34947416,505.7814698,tickle
391,46,127.6296296,105,4520.4036,4764,13784,6.684210526,3.844155844,5.264900471,5.338383838,0.535798396,47.47468796,568.6092508,6.239130435,3.672131148,4.713892064,4.701995921,0.220720227,57.11021309,509.1003429,tickle
356,52,140.1851852,135,3770.638283,4928,15140,6.928571429,3.52,5.381698247,5.55703904,0.70185332,39.71876153,581.2234107,6.25,3.295081967,4.666469735,4.612917097,0.255636096,57.48976595,503.9787314,tickle
1488,1300,1404.287037,1409.5,1715.085064,2379,151663,4.583333333,4.43665959,4.50974653,4.509632711,0.001011215,3.961740763,487.0526252,3.400273224,3.155871886,3.279174042,3.284725432,0.002968352,6.541792841,354.1507966,constant
1488,1368,1429.638889,1430,724.7562305,2615,154401,4.556533514,4.376521117,4.472369335,4.471296125,0.001367416,3.914393367,483.0158882,3.342087542,3.074074074,3.212463635,3.216517247,0.003161851,6.504772566,346.9460726,constant
1493,1291,1435.648148,1447,2162.847006,2670,155050,4.551420839,4.359941945,4.470924274,4.474330999,0.001491973,3.907884612,482.8598216,3.300475867,3.044709389,3.185357043,3.186745121,0.003556535,6.38170088,344.0185606,constant
1549,1408,1465.555556,1467.5,1064.080997,2851,158280,4.565472313,4.397463002,4.486382751,4.489519052,0.00111069,4.441883141,484.5293371,3.345384119,3.101479915,3.206175298,3.199556665,0.002545031,6.321247233,346.2669322,constant
0,0,0,0,0,0,0,0,0,0,0,0,0,0,0,0,0,0,0,0,0,notouch
0,0,0,0,0,0,0,0,0,0,0,0,0,0,0,0,0,0,0,0,0,notouch
0,0,0,0,0,0,0,0,0,0,0,0,0,0,0,0,0,0,0,0,0,notouch
0,0,0,0,0,0,0,0,0,0,0,0,0,0,0,0,0,0,0,0,0,notouch
709,28,145.0185185,58.5,31710.99031,7173,15662,6.363636364,4,5.224900101,5.191030118,0.203856128,51.86662226,564.2892109,6.707317073,3.807692308,4.943185915,4.794907407,0.403331204,70.43486786,533.8640788,pat
770,22,175.1851852,66.5,42757.4794,8514,18920,6.475409836,4.095238095,5.335747452,5.302542373,0.144238721,38.86411864,576.2607248,6.954545455,3.41509434,4.88040092,4.783998016,0.600731938,76.47470279,527.0832993,pat
680,23,140.6203704,59,30399.06014,7391,15187,6.629032258,4.121212121,5.310400514,5.25872211,0.175186434,47.73222074,573.5232555,6.529411765,3.571428571,4.822039933,4.682608696,0.551162529,90.08306647,520.7803128,pat
699,26,133.6018519,58,26086.14841,6867,14429,6.423611111,4.236363636,5.328893821,5.309563994,0.168729038,46.63652375,575.5205326,7.192307692,3.408888889,4.990962318,4.967534014,0.68608757,89.59229197,539.0239303,pat
208,62,119.287037,118.5,876.3000173,2931,12883,6.35106383,4.384057971,5.472176831,5.451529412,0.20491057,38.34113897,590.9950977,6.77,4.678571429,5.53417151,5.494604317,0.18575485,47.95054114,597.6905231,rub
203,34,101.7314815,96.5,1137.787037,2810,10987,6.64,4.297520661,5.418942739,5.475071225,0.211580589,42.46025748,585.2458158,6.630769231,3.8,5.413484648,5.432154849,0.285355693,61.77390114,584.656342,rub
187,27,99.22222222,100,1167.034268,2701,10716,6.692307692,4.25,5.595431389,5.651702703,0.264351029,43.93798118,604.30659,7.291666667,4.3125,5.64320897,5.593103448,0.286131953,55.82289203,609.4665688,rub
196,40,94.77777778,87.5,1213.389408,2716,10236,6.457142857,4.327272727,5.456362451,5.479480164,0.198736604,46.48953257,589.2871447,7.321428571,4.37704918,5.964684033,5.980435585,0.393694586,64.01461756,644.1858755,rub
715,221,503.8703704,517.5,9696.562478,5059,54418,6.10955711,5.781976744,5.938902086,5.943059501,0.00317136,5.901614307,641.4014253,6.271493213,5.793956044,6.064194557,6.076376844,0.006140101,8.141497426,654.9330121,scratch
678,339,510.3148148,506.5,5416.516788,4377,55114,6.058704453,5.83902439,5.964023043,5.96798805,0.002342696,5.682134415,644.1144886,6.202083333,5.877192982,6.058156059,6.055690399,0.006118418,7.794131043,654.2808544,scratch
705,352,568.1851852,578,6727.703704,3891,61364,6.068904594,5.834710744,5.95541485,5.960072464,0.00167412,4.068093594,643.1848038,6.212809917,5.888316151,6.035181484,6.041001401,0.005083796,7.944740595,651.7996003,scratch
715,388,561.9259259,556.5,5766.573901,4647,60688,6.071906355,5.788659794,5.960108275,5.963075368,0.002132768,5.119294697,643.6916937,6.309716599,5.865963855,6.058824335,6.063890295,0.006008245,8.511319772,654.3530282,scratch
356,16,150.1203704,155.5,11582.72369,3332,16213,6.851851852,3.6,5.52498283,5.606850117,0.376454712,52.42866277,596.6981456,7.7,2.703703704,5.12112146,4.864554592,0.963681725,78.44185313,553.0811177,stroke
449,16,188.1574074,205.5,15565.98434,3922,20321,6.393442623,4.168091168,5.635388336,5.693744627,0.247866857,41.72671149,608.6219403,7.666666667,3.773584906,4.88222357,4.616541353,0.707520632,70.04672977,527.2801455,stroke
605,18,215.9444444,234,12656.87539,4266,23322,6.914414414,3.575757576,5.423476639,5.465858306,0.352544589,34.52259694,585.735477,6.558823529,3.859375,4.643596326,4.558241314,0.328250788,53.42991249,501.5084033,stroke
398,16,146.3240741,162.5,10423.36128,3468,15803,6.85,3.70212766,5.520490557,5.483521303,0.323905611,42.99815783,596.2129801,8.388888889,3.748502994,5.13456248,4.903018737,0.816538901,91.28945945,554.5327479,stroke
395,55,201.2314815,186,6536.516009,4811,21733,6.015151515,4.582524272,5.308155925,5.28294335,0.042808171,21.34897084,573.2808399,7.381818182,5.524137931,6.171298291,6.156630344,0.092559647,39.43184773,666.5002154,tickle
374,41,180.8611111,166.5,4696.86838,4865,19533,5.898734177,4.730337079,5.258656969,5.214013086,0.043722223,22.66384413,567.9349526,6.935779817,5.469273743,6.132906062,6.135594396,0.093005825,37.13557192,662.3538547,tickle
476,23,172.5833333,153,8641.21729,4928,18639,5.886227545,4.797619048,5.245289536,5.20090135,0.049248157,22.87201914,566.4912699,7.097560976,4.470588235,6.128631259,6.154616879,0.165548096,50.74869634,661.892176,tickle
297,31,148.0555556,133.5,3671.043614,4298,15990,6.289156627,4.904761905,5.444433295,5.417792208,0.076593732,30.32038131,587.9987959,7.375,5.021052632,6.145289428,6.14181601,0.155648327,50.92616996,663.6912582,tickle
2855,2587,2723.046296,2719,4819.39036,2475,294089,6.202160494,6.089779986,6.149086074,6.154742794,0.000715677,1.857037871,664.101296,5.028901734,4.903340441,4.963245711,4.964588188,0.000732675,3.195422746,536.0305368,constant
2870,2760,2816.462963,2819,458.5687089,2458,304178,6.145728643,6.086090359,6.112558909,6.112962542,0.000162585,1.322287518,660.1563622,4.96539422,4.870521462,4.919250356,4.917992243,0.000548341,2.861025185,531.2790385,constant
2927,2818,2873.12963,2873,646.5250952,2160,310298,6.137931034,6.071755188,6.102355692,6.103551526,0.00015163,1.394287379,659.0544148,4.991131607,4.890646976,4.93942107,4.937205809,0.000445362,2.511876897,533.4574756,constant
2913,2832,2878.981481,2879.5,278.5790931,2095,310930,6.133193863,6.083304408,6.106770551,6.105894689,9.52E-05,1.22734798,659.5312195,5.01074896,4.895470383,4.946509009,4.946589654,0.000438734,2.648812922,534.2229729,constant
0,0,0,0,0,0,0,0,0,0,0,0,0,0,0,0,0,0,0,0,0,notouch
0,0,0,0,0,0,0,0,0,0,0,0,0,0,0,0,0,0,0,0,0,notouch
0,0,0,0,0,0,0,0,0,0,0,0,0,0,0,0,0,0,0,0,0,notouch
0,0,0,0,0,0,0,0,0,0,0,0,0,0,0,0,0,0,0,0,0,notouch
1785,483,898.9351852,713.5,129771.0518,12393,97085,8.198757764,5.961344538,7.441979375,7.793096841,0.417841258,24.70647729,803.7337725,6.212168487,4.836395451,5.56792483,5.673465825,0.13023139,17.44804314,601.3358817,pat
1907,595,959.5185185,732.5,137728.2333,12668,103628,7.948470209,5.893550079,7.29082692,7.685480502,0.379501633,20.67472203,787.4093074,5.959807074,4.710015732,5.455359552,5.670941214,0.181730462,16.93108269,589.1788316,pat
1709,631,1017.601852,818,117692.2045,11646,109901,7.9501868,6.26730885,7.285850859,7.620450883,0.300877267,19.80473144,786.8718927,6.039589443,4.715623171,5.44395423,5.618693058,0.169716997,17.4125638,587.9470569,pat
2025,603,949.3240741,791.5,108812.9127,13034,102527,7.856568365,5.910876133,7.426895881,7.716746466,0.265969015,22.31172955,802.1047552,5.963343109,4.707153886,5.48771711,5.628404907,0.121310063,16.8988767,592.6734479,pat
2007,831,1236.472222,1166.5,73556.19548,9546,133539,7.128634361,5.716793893,6.413285942,6.407072368,0.069375875,12.7945786,692.6348818,6.484304933,5.005287009,5.651121844,5.591499292,0.137641723,11.39607063,610.3211592,rub
1670,787,1231.981481,1216.5,36644.28003,7126,133054,6.950607903,5.596947935,6.390482498,6.411609588,0.08265977,12.27032346,690.1721097,6.492957746,5.13877551,5.727071354,5.677161344,0.086356654,9.468047947,618.5237063,rub
1775,661,1102.138889,1005.5,79594.96184,8716,119031,6.675385647,5.634114583,6.238435745,6.238661782,0.033967734,10.99541853,673.7510604,6.113207547,4.560747664,5.257069674,5.216799248,0.152706987,12.93052973,567.7635248,rub
1902,585,1074.175926,1056.5,65585.19306,9414,116011,6.852313167,5.477139508,6.241780735,6.240832308,0.100195194,13.6233629,674.1123194,7.039203085,4.848336595,5.880835245,5.840305923,0.226881802,13.41489173,635.1302065,rub
929,241,539.0185185,513,23843.66321,6711,58214,6.461756374,4.990180033,5.579909412,5.465928541,0.11403526,19.2632975,602.6302165,6.032178218,4.6203125,5.194789015,5.15981441,0.09526162,20.13782448,561.0372136,scratch
1060,293,607.7037037,563,28236.69643,8284,65632,6.441734417,4.912248629,5.64731258,5.678624973,0.101370359,17.11225199,609.9097586,6.028195489,4.727083333,5.338203394,5.287297369,0.077117824,16.78455786,576.5259666,scratch
933,213,516.3703704,502,22829.46902,8722,55768,6.231182796,4.745679012,5.53974815,5.532081719,0.076487755,17.73566852,598.2928002,6.426853707,4.713768116,5.54504555,5.487817581,0.170524251,19.9649662,598.8649194,scratch
1014,311,590.1481481,575.5,16658.44514,8769,63736,5.740282686,4.559566787,5.116940463,5.078551236,0.074831618,15.690515,552.62957,6.396330275,4.544600939,5.47588926,5.557966457,0.201387921,18.15986587,591.3960401,scratch
1110,40,423.6018519,412,62927.51289,5614,45749,8.245791246,4.322033898,5.946931934,5.733915344,1.003188824,30.4801112,642.2686489,6.818181818,4.485086342,5.224212487,4.95482957,0.425813799,31.85376692,564.2149486,stroke
1206,41,401.5925926,425.5,73165.77639,6541,43372,8.201550388,4.600694444,5.971406233,5.971619694,0.856025615,32.68968965,644.9118731,6.978494624,4.458119658,5.319726886,5.148069476,0.32293347,32.36438845,574.5305037,stroke
749,23,211.5185185,186,24237.87816,4548,22844,7.888888889,4.460674157,5.573825742,5.393803644,0.652235776,50.68808577,601.9731801,7.060606061,3.914893617,5.346460389,5.142713904,0.454842568,49.37320806,577.417722,stroke
617,13,241.0648148,243.5,30195.7995,4342,26035,7.193548387,4.18115942,5.366024416,5.296775939,0.425680521,40.20345937,579.5306369,8.4,3.095238095,5.335659476,5.066409266,0.822188621,56.39622474,576.2512234,stroke
342,114,215.8888889,216,2584.809969,3727,23316,5.933333333,4.702194357,5.27285297,5.236056396,0.073704369,25.84691241,569.4681208,6.273913043,3.972789116,5.30504698,5.366469168,0.228053241,39.23812316,572.9450739,tickle
360,110,242.1944444,247.5,2516.288941,3269,26157,5.855421687,4.686206897,5.192185169,5.170527859,0.063885915,22.1387056,560.7559983,6.677419355,4.195833333,5.269172572,5.264367816,0.212426589,36.77194305,569.0706378,tickle
407,151,238.4074074,235,3163.608169,3358,25748,5.843575419,4.496855346,5.161196517,5.143603286,0.068628121,21.38557026,557.4092238,6.481927711,4.308823529,5.202428999,5.176224348,0.181572871,31.80928844,561.8623319,tickle
296,81,192.0555556,199,2176.426791,3832,20742,6.112359551,4.550660793,5.173821861,5.159766014,0.098567531,30.16317054,558.772761,5.919354839,3.734513274,4.95691658,4.999077643,0.218901098,42.73403675,535.3469907,tickle
2429,2206,2320.277778,2326.5,3617.604361,2579,250590,5.529818496,5.454231434,5.488328047,5.488333797,0.00028742,2.175024412,592.739429,6.297709924,6.139126712,6.219708328,6.219557765,0.001029264,4.080308585,671.7284994,constant
2492,2376,2434.111111,2436,577.5202492,2772,262884,5.506072874,5.450205761,5.478618309,5.477383409,0.000143722,1.548836581,591.6907773,6.346453465,6.2,6.276647032,6.276556164,0.001474134,3.886950179,677.8778794,constant
2488,2391,2432.657407,2434,400.3207857,2536,262727,5.524650781,5.457083333,5.491723738,5.491779683,0.00015872,1.551209586,593.1061637,6.405179616,6.267408323,6.334881149,6.335104366,0.000846871,3.801245247,684.1671641,constant
2515,2397,2443.240741,2443,393.4181378,2182,263870,5.52790224,5.446773531,5.490665219,5.491289916,0.00015155,1.368540808,592.9918437,6.389900662,6.274095161,6.322666096,6.323420807,0.000659744,3.114776798,682.8479384,constant
0,0,0,0,0,0,0,0,0,0,0,0,0,0,0,0,0,0,0,0,0,notouch
0,0,0,0,0,0,0,0,0,0,0,0,0,0,0,0,0,0,0,0,0,notouch
0,0,0,0,0,0,0,0,0,0,0,0,0,0,0,0,0,0,0,0,0,notouch
0,0,0,0,0,0,0,0,0,0,0,0,0,0,0,0,0,0,0,0,0,notouch
535,25,84.80555556,51,12017.98988,5066,9159,7.164948454,4.612903226,5.807253131,5.773305603,0.249093864,63.60507497,627.1833381,7.282051282,3.921052632,5.910196271,6.0892676,0.613889297,98.93103524,638.3011973,pat
590,32,97.24074074,56.5,15385.79197,5076,10502,6.788461538,4.304347826,5.742534312,5.728219697,0.146250469,44.9323737,620.1937057,7.34375,4.595744681,5.873842272,5.849358974,0.326353918,71.51573368,634.3749653,pat
575,30,99.90740741,53,14259.84181,5464,10790,6.694915254,4.804878049,5.719393422,5.674397032,0.183420863,52.42113783,617.6944896,7.203389831,4.549019608,5.885599217,5.922619048,0.230223968,59.23885978,635.6447155,pat
663,32,100.1481481,54,18057.06196,6502,10816,7.12,4.583333333,5.782908825,5.718573213,0.240013781,59.22021516,624.5541532,7.210526316,3.966101695,5.917624086,6.065652952,0.543270486,91.62420016,639.1034013,pat
201,64,110.8333333,108.5,696.588785,3000,11970,6.985915493,3.991071429,5.634892946,5.649845201,0.486827554,48.36540686,608.5684381,6.9125,4.391304348,5.771815227,5.820264885,0.318030081,70.34488395,623.3560446,rub
196,75,130.1481481,126,756.5385947,3019,14056,7.113207547,4.407407407,5.743119642,5.73706512,0.405953045,41.39115299,620.2569214,6.764705882,4.547169811,5.780243951,5.782926918,0.219907511,58.79661066,624.2663467,rub
240,91,142.2407407,140,738.0349602,2867,15362,6.984375,4.3,5.715264066,5.715659341,0.4903059,39.08946031,617.2485191,6.365517241,4.451851852,5.583900014,5.608472604,0.157765136,42.6426458,603.0612015,rub
195,60,122.8148148,120.5,912.7878159,2255,13264,7.417989418,3.878787879,5.66186826,5.664728682,0.535420287,36.03155583,611.4817721,6.4453125,5.037974684,5.719198826,5.706326988,0.113265141,34.80883552,617.6734732,rub
743,8,156.6203704,84,27605.07883,9667,16915,7,4.235294118,5.673304213,5.599313023,0.37885685,57.39199914,612.716855,7.853658537,3.516129032,6.59188434,6.85091964,0.745284759,84.95998247,711.9235087,scratch
562,18,153.7777778,92.5,16426.56698,7874,16608,7.16,4.384615385,5.647556124,5.532858269,0.251093866,51.94030988,609.9360614,8.5,4.114285714,6.592391581,6.868809524,0.688338842,87.37942728,711.9782907,scratch
510,18,153.537037,88.5,17871.95189,8047,16582,6.76744186,4.333333333,5.651889671,5.638907176,0.321392393,55.69869245,610.4040845,7.888888889,4.642857143,6.70310914,6.8727734,0.444679769,74.88162846,723.9357871,scratch
436,20,120.2592593,70,11591.82001,6937,12988,6.754716981,4.285714286,5.443018734,5.454550898,0.305210976,59.06223113,587.8460233,7.943548387,4.214285714,6.525484307,6.708431604,0.810426961,94.82393941,704.7523052,scratch
350,12,117.3981481,74.5,8798.970838,3841,12679,7.076923077,3.347560976,5.600307426,5.644481349,0.600618313,74.41493246,604.833202,8.8125,4.326923077,6.20978106,6.08450758,0.820325936,99.10063334,670.6563545,stroke
325,13,124.462963,79,10361.78366,2565,13442,7.107438017,3.84,5.465877883,5.437057992,0.694502134,66.02723179,590.3148114,8.580645161,4.782608696,6.246932056,6.145959485,0.496582477,75.46316515,674.668662,stroke
253,9,88.55555556,41.5,6165.838006,2278,9564,7.65,3.411764706,5.601330835,5.693957115,0.652569639,54.33537,604.9437302,8.636363636,4.576923077,6.094661186,6.044855967,0.441336692,63.70408454,658.223408,stroke
274,11,105.4351852,108,4933.874264,2922,11387,7.052631579,3.384615385,5.435913834,5.353878217,0.655750258,56.37145231,587.0786941,8.44,3.965517241,5.95179446,5.931091985,0.62061483,83.55000835,642.7938017,stroke
229,30,81.99074074,79.5,1233.112063,3093,8855,7.676767677,4.566666667,6.45989461,6.464533493,0.368820411,57.43874042,697.6686179,7.536585366,4.265306122,5.995035889,5.990988065,0.464031125,73.44520881,647.463876,tickle
210,34,89.77777778,83.5,1506.361371,3399,9696,7.842105263,4.888888889,6.36061039,6.258851675,0.388192586,47.12826081,686.9459221,7.886363636,4.637931034,6.112671871,6.084926073,0.421072361,79.94438908,660.1685621,tickle
289,24,95.28703704,87.5,2075.870111,3510,10291,7.144927536,4.756756757,6.161732537,6.220683728,0.238512185,49.27847661,665.467114,8.25,4.147058824,5.931093004,5.902321829,0.422069884,71.36539992,640.5580445,tickle
279,27,105.8333333,94,2970.327103,3916,11430,7.480582524,4.785714286,6.307228621,6.385309417,0.314778101,51.00476778,681.180691,7.84375,4.195121951,5.881517587,5.851850172,0.345235846,69.41663525,635.2038994,tickle
6848,6033,6396.453704,6444.5,39096.60531,3261,690817,6.217429707,6.102459684,6.159362742,6.160601628,0.000805817,0.594698601,665.2111761,6.754286639,6.59819061,6.678241217,6.665721861,0.00124564,1.182160898,721.2500515,constant
6215,5713,6067.425926,6095,14563.7982,3682,655282,6.127365476,6.083750202,6.108258138,6.109163393,0.000102519,0.82921471,659.6918789,6.868026499,6.709929887,6.7745075,6.772727587,0.000691316,1.746487747,731.64681,constant
6238,5809,6004.083333,5992,10605.03037,3240,648441,6.119799499,6.077212806,6.100865178,6.099966367,5.42E-05,0.989911289,658.8934392,6.870141039,6.744381568,6.806560444,6.812224371,0.000665779,1.804146152,735.108528,constant
6159,5697,6033.259259,6049,5889.50225,2561,651592,6.116962025,6.04578564,6.090958349,6.097627863,0.000289067,0.759254049,657.8235017,6.848633973,6.683409686,6.778690308,6.790732063,0.002061981,1.112477398,732.0985533,constant
0,0,0,0,0,0,0,0,0,0,0,0,0,0,0,0,0,0,0,0,0,notouch
0,0,0,0,0,0,0,0,0,0,0,0,0,0,0,0,0,0,0,0,0,notouch
0,0,0,0,0,0,0,0,0,0,0,0,0,0,0,0,0,0,0,0,0,notouch
0,0,0,0,0,0,0,0,0,0,0,0,0,0,0,0,0,0,0,0,0,notouch
1551,18,144.3796296,43,78452.9293,8542,15593,7.356097561,4.481481481,5.61870363,5.513424264,0.321060025,56.6865033,606.819992,7.928571429,4.604651163,6.259493247,6.175492611,0.427443042,77.15351354,676.0252707,pat
1568,15,152.7314815,47,84934.21694,9347,16495,7.552631579,3.263157895,5.763017138,5.787072445,0.642800454,87.33629315,622.4058509,8.333333333,3.368421053,6.069302162,6.059262511,0.967660661,117.2041147,655.4846335,pat
1599,9,168.0185185,49,97417.42021,10444,18146,7.827586207,3.217391304,5.71231466,5.689291101,0.638189263,98.22598485,616.9299832,8.294117647,3.638888889,5.73459781,5.532497542,1.24085109,135.4961928,619.3365634,pat
1637,19,202.7037037,48.5,140763.0329,10624,21892,7.79144385,4.045454545,5.690120057,5.566392479,0.427897484,79.93774171,614.5329662,7.875,4.125,5.843791072,5.728110599,0.918964394,122.8702443,631.1294358,pat
8204,2766,5335.175926,5041,1999985.772,22131,576199,5.735926688,4.755048288,5.280786822,5.265977119,0.048461601,4.992010829,570.3249767,6.022920051,3.760271757,4.866599376,4.824681473,0.492478125,8.925500265,525.5927326,rub
6176,3005,4368.601852,4156.5,598755.6064,15680,471809,5.679763018,4.319214347,5.00734083,5.111549613,0.157343837,7.124274106,540.7928097,5.404319654,3.339456662,4.280816141,4.158176714,0.337234028,9.08777948,462.3281432,rub
7378,2840,4642.564815,4591,871153.9677,16027,501397,5.575757576,4.289756526,4.868361211,4.892709447,0.085622931,5.6557061,525.7830108,5.905824994,3.376008906,4.995654139,5.08424415,0.468889811,6.702032568,539.530647,rub
6771,3682,5008.203704,4957,575879.8834,16704,540886,5.848423605,4.521902967,5.192184934,5.092226603,0.131392151,5.291370767,560.7559729,7.116800329,3.06126518,4.931690096,5.077999803,1.529103706,12.94172662,532.6225304,rub
1267,10,466.1388889,475,88322.04595,12122,50343,7.620289855,3.9,5.839272971,5.528149387,0.778315427,33.99370509,630.6414809,7.933898305,4.25,7.180930424,7.44989083,0.584839239,32.7084232,775.5404858,scratch
1449,35,418.7407407,359.5,96395.40879,11026,45224,8.148648649,3.388826816,6.496939908,6.990082182,1.723796498,27.77109366,701.6695101,8.186700767,3.552631579,5.316409834,4.875786164,1.485870848,30.14007931,574.172262,scratch
1467,40,473.2407407,419.5,117089.8667,9464,51110,6.31884058,3.112643678,4.455452065,4.380911346,0.370172199,36.0938182,481.188823,7.802325581,4.088105727,6.172975878,6.743978824,1.477923241,33.12433481,666.6813948,scratch
866,30,381.3518519,348.5,45967.7442,8162,41186,8.510178117,5.133333333,7.038940159,6.876778959,0.587903949,27.0375074,760.2055372,7.76059322,4.729281768,6.316958153,6.58513851,0.77866197,33.77468611,682.2314806,scratch
388,25,161.5092593,173.5,12324.55132,2984,17443,6.766666667,4.24852071,5.579580604,5.613375131,0.456731058,35.45054163,602.5947052,7.575757576,4.225490196,5.281250759,5.021156089,0.587306093,53.30696485,570.3750819,stroke
469,10,175.962963,217.5,16842.036,3790,19004,7.363636364,4.174545455,5.410556189,5.327913279,0.636110529,45.20542349,584.3400684,8.166666667,3.804054054,5.423784635,5.070915747,0.88028753,57.26094759,585.7687406,stroke
457,21,177.6574074,165.5,16538.47032,4326,19187,7.378378378,3.889624724,5.541599257,5.538082437,0.652704139,50.6034814,598.4927197,8.24,4.037914692,5.597825191,5.421668512,0.771011002,71.53994748,604.5651206,stroke
495,17,177.4907407,159.5,19189.99057,3614,19169,7.25,3.230769231,5.65428582,5.764902922,0.569204411,54.15766278,610.6628685,8.268292683,3.64516129,5.483024976,5.223412517,1.081184639,94.77418487,592.1666975,stroke
858,14,427.3703704,469,77282.53444,8480,46156,7.899305556,3.181333333,5.332699463,4.508064516,2.058707198,41.63043349,575.931542,7.960526316,3.848484848,6.673951487,6.959605704,1.224775882,50.08062426,720.7867606,tickle
956,12,472.9166667,514,83167.6472,7492,51075,7.105263158,4.029171529,4.837377602,4.4785428,0.613392257,27.13498388,522.4367811,8.357142857,4.113832853,5.198411725,4.976746706,1.096435128,37.30775146,561.4284663,tickle
1531,5,683.037037,849.5,175664.6341,8227,73768,6.99870801,3.982290437,5.531062827,5.537878788,1.67767643,31.61280884,597.3547853,8.230769231,3.642857143,6.593480794,6.844242424,0.625296731,61.46922468,712.0959258,tickle
848,13,465.7592593,523,62595.39945,8688,50302,7.303030303,4.02970297,4.757889582,4.98921637,0.456955897,31.97723623,513.8520748,8.2,4.175595238,6.087042654,6.868658088,1.451522411,41.31844879,657.4006066,tickle
671,512,579.4074074,580.5,1610.281066,4390,62576,5.865417376,5.506616257,5.682203708,5.689144559,0.005603909,8.524824596,613.6780005,5.958984375,5.418487395,5.673841535,5.669604599,0.015968537,16.45501254,612.7748858,constant
667,542,602.9907407,602,831.747577,3862,65123,5.861614498,5.49847561,5.675060577,5.684494018,0.005689562,9.137461288,612.9065423,5.88762215,5.316639742,5.580793214,5.585078824,0.018170253,16.19441577,602.7256671,constant
706,606,657.3796296,658,721.0788335,2747,70997,5.850290698,5.504901961,5.692093649,5.694515923,0.004886198,9.776347802,614.7461141,5.87826087,5.285488959,5.529435266,5.481641337,0.019764272,18.55298649,597.1790088,constant
758,614,680.3888889,681.5,1094.426791,3844,73482,5.788856305,5.454402516,5.649869031,5.657508551,0.004911243,8.905303656,610.1858553,5.715821813,5.263975155,5.479207436,5.45849667,0.013099977,16.42481076,591.7544031,constant
0,0,0,0,0,0,0,0,0,0,0,0,0,0,0,0,0,0,0,0,0,notouch
0,0,0,0,0,0,0,0,0,0,0,0,0,0,0,0,0,0,0,0,0,notouch
0,0,0,0,0,0,0,0,0,0,0,0,0,0,0,0,0,0,0,0,0,notouch
0,0,0,0,0,0,0,0,0,0,0,0,0,0,0,0,0,0,0,0,0,notouch
542,22,137.7037037,68,16273.10765,2790,14872,6.888888889,4.363636364,5.699157913,5.627568493,0.339639408,46.97717984,615.5090546,7.966666667,4.375,6.483383725,6.477348777,0.63906153,70.60258239,700.2054423,pat
468,37,163.5925926,117,13358.05677,3259,17668,6.121212121,4.636363636,5.481922384,5.558329936,0.150418233,32.19774311,592.0476174,7.625,5.141868512,6.36491246,6.405046225,0.462984278,50.12129886,687.4105457,pat
358,76,200.7962963,177,4976.574939,2824,21686,5.95154185,4.967479675,5.525379071,5.530305603,0.028895312,19.6300271,596.7409397,7.62,5.610561056,6.657718758,6.689246615,0.314917268,34.22302001,719.0336258,pat
529,113,285.5925926,309,7057.626861,2798,30844,5.853333333,5.013232514,5.464336044,5.453144078,0.022114464,16.72566483,590.1482927,7.74829932,5.474480151,6.479771044,6.359842719,0.284594822,40.01721687,699.8152727,pat
303,81,190.2592593,185.5,2296.249913,3188,20548,6.907801418,5.274725275,6.133136842,6.131277056,0.120069575,28.44780332,662.3787789,6.033707865,4.668508287,5.315909191,5.325757576,0.07452434,28.25332679,574.1181926,rub
254,66,142.6296296,138,1188.777432,2934,15404,6.162790698,4.145833333,5.412784746,5.41102794,0.167653697,39.81731935,584.5807526,6.354166667,4.583333333,5.431569399,5.391414141,0.102943905,35.19477496,586.6094951,rub
269,85,169.7685185,170,1670.572084,3035,18335,6.061728395,4.180645161,5.12258356,5.096830613,0.156868538,30.54996851,553.2390245,6.152173913,4.432692308,5.599484187,5.666483516,0.103027298,24.36399303,604.7442922,rub
235,74,145.5462963,146,1479.782883,2745,15719,6.941176471,4.802325581,5.903751437,5.960769231,0.234950116,31.48898315,637.6051551,5.864197531,4.261904762,5.012631306,4.983870968,0.11589575,27.76662412,541.364181,rub
545,43,236.5462963,217,10665.61466,7372,25547,7.578313253,4.781553398,6.074240653,6.06017562,0.427930311,46.66153186,656.0179906,6.346846847,4.696132597,5.405827478,5.444892692,0.126950817,40.79116044,583.8293676,scratch
674,50,235.3333333,190.5,17546.99065,6797,25416,7.426997245,3.471204188,5.325989652,5.391028912,0.943891896,40.62685177,575.2068825,6.288135593,4.632653061,5.537704656,5.564150752,0.133941542,34.522695,598.0721028,scratch
452,29,213.3703704,199,9566.347525,5378,23044,8.128742515,3.810483871,6.23294456,6.527657993,1.047786079,35.91670928,673.1580124,6.292134831,4.204081633,5.38366186,5.372955122,0.182930294,39.69481205,581.4354808,scratch
466,52,226.7407407,225.5,10502.15646,4939,24488,7.543650794,3.829787234,5.77279109,5.737441706,0.942414143,42.58510306,623.4614377,6.151785714,4.241830065,5.281483033,5.2760688,0.144524694,40.19728825,570.4001676,scratch
259,24,97.37962963,98,3208.144254,2075,10517,6.6,4.105263158,5.570686974,5.582710203,0.329017745,60.73781978,601.6341932,7.733333333,4.883333333,5.922568046,5.807104238,0.358189858,46.11344456,639.637349,stroke
302,20,104.6388889,102.5,4880.569315,2374,11301,6.428571429,3.9375,5.454590604,5.506097561,0.312824056,52.99780992,589.0957853,7.342105263,4.785714286,5.791326652,5.622778624,0.338121655,50.73173682,625.4632784,stroke
264,15,113.1018519,118.5,4879.101679,2192,12215,6.544354839,4.035714286,5.583185108,5.695048309,0.286808981,45.39381111,602.9839916,7.862068966,3.966666667,5.971572366,5.799557407,0.37487409,40.55508172,644.9298155,stroke
257,18,123.0185185,147.5,5571.663205,1992,13286,6.380952381,4.272727273,5.586201833,5.726975454,0.208118967,36.03920133,603.309798,7.714285714,4.916666667,5.932893445,5.674775251,0.411334138,37.47548574,640.752492,stroke
378,57,191.3333333,179.5,6696.990654,5892,20664,7.534759358,4.434343434,5.770817152,5.682876208,0.484798143,51.98502685,623.2482524,6.835164835,4.295774648,5.555657717,5.582590501,0.282893532,54.78947984,600.0110334,tickle
484,41,193.4444444,178.5,8250.492212,6418,20892,7.748538012,4.266666667,6.052246213,6.114847197,0.442958693,40.80986752,653.642591,6.724637681,4.036585366,5.408013899,5.419574963,0.361650889,49.22378233,584.0655011,tickle
432,66,229.0555556,226,7649.080997,6249,24738,6.677083333,3.612121212,5.042026958,5.045735129,0.367011496,40.94401349,544.5389115,7.24691358,4.221374046,5.667376078,5.708041141,0.474616042,53.75455156,612.0766164,tickle
426,42,207.6851852,197.5,6620.535479,5127,22430,7.012987013,4.196629213,5.937216145,6.000548877,0.425191987,43.77615659,641.2193437,6.137931034,3.634615385,4.687069569,4.71940464,0.30134438,52.31592856,506.2035134,tickle
3041,2888,2979.944444,2982.5,1215.398754,2554,321834,4.18410596,4.091904446,4.133775153,4.134713268,0.000367433,2.153256642,446.4477165,4.699153976,4.470730028,4.603841643,4.617936164,0.002919825,3.835182562,497.2148974,constant
3175,2962,3083.861111,3089,2136.887072,3715,333057,4.193854926,4.108465608,4.153621019,4.15346009,0.000391532,2.620320304,448.59107,4.583226221,4.425351192,4.517359006,4.513758898,0.001228053,3.409692537,487.8747727,constant
3143,2976,3060.194444,3053.5,1233.204829,3198,330501,4.196690006,4.063518457,4.114470665,4.112912235,0.000690595,2.578256244,444.3628319,4.51744186,4.37852171,4.440983319,4.441528517,0.000881028,3.170575035,479.6261985,constant
3111,2960,3039.75,3044,1167.964953,2329,328293,4.166881859,4.041497976,4.094702231,4.09511365,0.000526396,2.35269792,442.2278409,4.482624229,4.372372372,4.433705218,4.430595955,0.000743958,3.302553178,478.8401635,constant
0,0,0,0,0,0,0,0,0,0,0,0,0,0,0,0,0,0,0,0,0,notouch
0,0,0,0,0,0,0,0,0,0,0,0,0,0,0,0,0,0,0,0,0,notouch
0,0,0,0,0,0,0,0,0,0,0,0,0,0,0,0,0,0,0,0,0,notouch
0,0,0,0,0,0,0,0,0,0,0,0,0,0,0,0,0,0,0,0,0,notouch
851,12,310.4537037,247,66473.33429,8795,33529,7.28021978,3.853658537,5.796569838,5.849577649,0.36460309,48.96389477,626.0295425,7.066666667,4.023178808,4.892702434,4.647135634,0.565832265,59.48293652,528.4118629,pat
975,13,305.5740741,208,74285.18138,11848,33002,6.943396226,4.347826087,5.603790911,5.602306425,0.280350719,52.68269041,605.2094183,8.170731707,3.513157895,4.991473976,4.756224593,0.763290246,68.32525712,539.0791894,pat
1026,12,301.5925926,53,102773.6269,11192,32572,7.096774194,3.083333333,5.571567072,5.594722872,0.463683541,65.92149622,601.7292438,8.75,3.64,5.373133977,5.12269726,1.246961561,94.61638768,580.2984696,pat
1150,11,403.3796296,266.5,150790.7611,12972,43565,7.0625,3.5,5.269754194,5.137385937,0.366695373,60.6943364,569.133453,8.142857143,4.220149254,5.525739381,5.313642843,0.670172554,63.97409847,596.7798532,pat
1322,315,654.8055556,605,40515.95249,11012,70719,6.282608696,3.786251343,5.163841996,5.169837774,0.386494384,25.96194263,557.6949356,6.001642036,4.556415929,5.209360157,5.234890024,0.131943846,20.53105684,562.610897,rub
1414,424,847.3703704,844.5,60784.6279,10857,91516,6.602502406,3.905477981,5.508812275,5.694256937,0.608618035,19.32616851,594.9517257,5.69482976,4.309574468,5.052275903,5.0619986,0.105595272,14.33942226,545.6457976,rub
1246,332,645.7592593,592,49523.5116,12391,69742,6.760186263,3.715254237,5.365437161,5.446974835,0.485519143,24.6070153,579.4672134,5.670903955,4.052310375,4.881011805,4.896138476,0.101308561,17.53216725,527.1492749,rub
1220,336,681.6388889,636,47113.85903,13054,73617,7.013157895,4.123273114,5.440437787,5.357748116,0.622262607,25.0604726,587.567281,5.337598425,4.017877095,4.736319333,4.752832181,0.086324087,15.49920785,511.522488,rub
1090,287,588.0555556,557,37178.8567,13323,63510,5.265420561,3.396039604,4.293768835,4.291843691,0.155162876,30.72779107,463.7270342,6.446202532,5.054794521,5.775477455,5.787507829,0.092677142,18.57440126,623.7515652,scratch
1133,189,537.0740741,515.5,45823.45241,14768,58004,5.749279539,4.104166667,4.949749476,4.95298335,0.158201563,27.26247718,534.5729434,6.288617886,4.360602799,5.186241953,5.211860993,0.157949979,19.08807726,560.1141309,scratch
1137,147,564.0277778,560,46106.3824,16170,60915,5.526652452,3.355,4.408108136,4.357997528,0.212868422,30.2878569,476.0756786,5.266666667,4.317127072,4.730724005,4.706061224,0.044665513,16.33062663,510.9181926,scratch
1120,260,633.0925926,618,49697.67359,12975,68374,4.794957983,3.131799163,4.103811401,4.083930044,0.101507763,18.90122459,443.2116313,5.583333333,4.21871345,4.999084003,5.102827041,0.116886484,13.51511874,539.9010724,scratch
954,13,386.962963,464.5,94057.40048,8626,41792,7.086956522,3.7,5.417068348,5.349188726,0.554993965,52.13178136,585.0433816,7.9,3.955828221,5.135594838,4.794691139,0.953963364,70.5317415,554.6442425,stroke
1025,15,413.0648148,447.5,114213.2201,9007,44611,7.041666667,3.694716243,5.274736095,5.30952381,0.906218764,58.91148428,569.6714982,8,3.745075319,5.081010534,4.818733786,0.745458375,64.62262803,548.7491377,stroke
982,13,448.5092593,501,102669.3924,10034,48439,7.333333333,3.573221757,5.123492621,5.127789047,0.888993697,43.59794501,553.3372031,7.956521739,3.409090909,5.361640028,5.223451728,0.61170098,50.80321853,579.057123,stroke
975,6,371.7407407,447,98709.3901,7510,40148,7,3.851464435,5.277960828,5.291028912,0.708026049,53.41018484,570.0197694,7.15,1.833333333,5.021649681,4.820318202,0.723575635,65.75777906,542.3381656,stroke
356,40,152.0092593,151,3132.588699,4597,16417,6.411290323,3.443037975,5.08629328,5.175572519,0.332473326,46.66239877,549.3196743,6.808411215,4.304347826,5.777513633,5.815018315,0.230587504,53.73621065,623.9714724,tickle
387,52,202.287037,205,5819.683195,6733,21847,5.807692308,3.444,4.464203155,4.462476548,0.21335734,30.05930342,482.1339408,6.717314488,4.25,5.977453156,6.06447956,0.178990728,39.07072617,645.5649408,tickle
602,61,219.9166667,212,6939.067757,6409,23751,6.222222222,3.80620155,4.989311571,4.960939881,0.22277765,37.44274541,538.8456497,6.392694064,4.488888889,5.491072546,5.503731343,0.130938068,32.1154794,593.0358349,tickle
436,57,184.9074074,180,4834.27172,5525,19970,6.874396135,4.459459459,5.749454033,5.752553191,0.247461468,31.98882654,620.9410355,6.802955665,4.474860335,5.395292898,5.345620778,0.213520658,41.42844075,582.691633,tickle
